optimal no-signalling strategy (for alpha = 1 - 1/sqrt{2})

      00    01    02    03   ||  10    11    12    13   ||  20    21    22    23   ||  30    31    32    33

00    1/3   1/3   1/3   0    ||  1/3   1/3   1/3   0    ||  1/3   1/3   1/3   0    ||  0     0     0     0
01    0     0     0     0    ||  0     0     0     0    ||  0     0     0     1/3  ||  0     0     0     0
02    0     0     0     0    ||  0     0     0     1/3  ||  0     0     0     0    ||  0     0     0     0
03    0     0     0     1/3  ||  0     0     0     0    ||  0     0     0     0    ||  0     0     0     0
------------------------------------------------------------------------------------------------------------
10    0     0     0     0    ||  0     0     0     0    ||  0     0     0     0    ||  0     0     1/3   0
11    1/3   1/3   0     1/3  ||  1/3   1/3   0     1/3  ||  0     0     0     0    ||  1/3   1/3   0     1/3
12    0     0     0     0    ||  0     0     1/3   0    ||  0     0     0     0    ||  0     0     0     0
13    0     0     1/3   0    ||  0     0     0     0    ||  0     0     0     0    ||  0     0     0     0
------------------------------------------------------------------------------------------------------------
20    0     0     0     0    ||  0     0     0     0    ||  0     0     0     0    ||  0     1/3   0     0
21    0     0     0     0    ||  0     0     0     0    ||  0     1/3   0     0    ||  0     0     0     0
22    1/3   0     1/3   1/3  ||  0     0     0     0    ||  1/3   0     1/3   1/3  ||  1/3   0     1/3   1/3
23    0     1/3   0     0    ||  0     0     0     0    ||  0     0     0     0    ||  0     0     0     0
------------------------------------------------------------------------------------------------------------
30    0     0     0     0    ||  0     0     0     0    ||  0     0     0     0    ||  1/3   0     0     0
31    0     0     0     0    ||  0     0     0     0    ||  1/3   0     0     0    ||  0     0     0     0
32    0     0     0     0    ||  1/3   0     0     0    ||  0     0     0     0    ||  0     0     0     0
33    0     0     0     0    ||  0     1/3   1/3   1/3  ||  0     1/3   1/3   1/3  ||  0     1/3   1/3   1/3

(1-a)^4:    4
a(1-a)^3:   16
a^2(1-a)^2: 16
a^3(1-a):   0
a^4:        0