V-representation
begin
 24 17 rational
 1 1 0 0 0 0 1 0 0 0 0 1 0 0 0 0 1
 1 1 0 1 0 0 1 0 1 0 0 0 0 0 0 0 0
 1 1/2 0 0 0 0 1/2 1/2 1/2 0 1/2 1/2 1/2 1/2 0 0 0
 1 1/2 0 1/2 1/2 0 1/2 0 0 0 1/2 0 0 1/2 0 1/2 1/2
 1 1 1 1 1 0 0 0 0 0 0 0 0 0 0 0 0
 1 1/2 1/2 1/2 0 0 0 0 1/2 0 0 0 1/2 1/2 1/2 1/2 0
 1 1/2 1/2 0 1/2 0 0 1/2 0 0 0 1/2 0 1/2 1/2 0 1/2
 1 1 1 0 0 0 0 0 0 0 0 1 1 0 0 0 0
 1 0 1/2 1/2 1/2 1/2 0 0 0 1/2 0 0 0 0 1/2 1/2 1/2
 1 0 1/2 0 0 1/2 0 1/2 1/2 1/2 0 1/2 1/2 0 1/2 0 0
 1 0 0 0 1/2 1/2 1/2 1/2 0 1/2 1/2 1/2 0 0 0 0 1/2
 1 0 0 1/2 0 1/2 1/2 0 1/2 1/2 1/2 0 1/2 0 0 1/2 0
 1 0 1 0 0 1 0 0 0 0 0 0 1 0 0 1 0
 1 0 1 0 1 1 0 1 0 0 0 0 0 0 0 0 0
 1 0 0 1 1 0 0 0 0 1 1 0 0 0 0 0 0
 1 0 0 0 0 0 0 0 0 1 1 1 1 0 0 0 0
 1 0 0 1 0 0 0 0 1 1 0 0 0 0 1 0 0
 1 0 0 0 0 1 1 1 1 0 0 0 0 0 0 0 0
 1 0 0 0 1 0 0 1 0 0 1 0 0 1 0 0 0
 1 0 0 0 0 1 1 0 0 0 0 0 0 0 0 1 1
 1 0 0 0 0 0 0 1 1 0 0 0 0 1 1 0 0
 1 0 0 0 0 0 0 0 0 0 1 0 1 1 0 1 0
 1 0 0 0 0 0 0 0 0 1 0 1 0 0 1 0 1
 1 0 0 0 0 0 0 0 0 0 0 0 0 1 1 1 1
end